1024 1.96678000000000000000
2048 1.86578000000000000000
3072 1.87442000000000000000
4096 1.94216000000000000000
5120 1.84454000000000000000
6144 1.85782000000000000000
7168 1.92050000000000000000
8192 1.71650000000000000000
9216 1.81798000000000000000
10240 1.71234000000000000000
11264 1.69896000000000000000
12288 1.64668000000000000000
13312 1.71586000000000000000
14336 1.71456000000000000000
15360 1.71542000000000000000
16384 1.56378000000000000000
17408 2.01098000000000000000
18432 1.62130000000000000000
19456 1.53072000000000000000
20480 1.61078000000000000000
21504 1.61146000000000000000
22528 1.63788000000000000000
23552 1.55944000000000000000
24576 1.50474000000000000000
25600 1.62096000000000000000
26624 1.64520000000000000000
27648 1.70954000000000000000
28672 1.67818000000000000000
29696 1.59104000000000000000
30720 1.66938000000000000000
31744 1.65100000000000000000
32768 1.68544000000000000000
33792 1.67658000000000000000
34816 1.60196000000000000000
35840 1.66046000000000000000
36864 1.63296000000000000000
37888 1.61082000000000000000
38912 1.62370000000000000000
39936 1.66364000000000000000
40960 1.68686000000000000000
